-1 0.0384615384615385 0.0384615384615385 0.0384615384615483 
-0.925925925925926 0.0445762504586034 -0.255649721834197 -0.255649721834159 
-0.851851851851852 0.0522430844202379 -0.118738909883025 -0.118738909882999 
-0.777777777777778 0.062021439509954 0.062021439509954 0.062021439509958 
-0.703703703703704 0.0747385687922903 0.152180494800972 0.152180494800967 
-0.62962962962963 0.0916519989942167 0.151644021838263 0.15164402183826 
-0.555555555555556 0.114730878186969 0.114730878186969 0.114730878186968 
-0.481481481481482 0.14715381509891 0.100747925927044 0.100747925927045 
-0.407407407407407 0.194192860948322 0.147970499375062 0.147970499375061 
-0.333333333333333 0.264705882352941 0.264705882352941 0.264705882352935 
-0.259259259259259 0.373080859774821 0.431907567798727 0.431907567798716 
-0.185185185185185 0.538404726735598 0.612598390686706 0.612598390686692 
-0.111111111111111 0.764150943396226 0.764150943396226 0.764150943396213 
-0.037037037037037 0.96684350132626 0.850264000840749 0.850264000840739 
0.0370370370370371 0.96684350132626 0.850264000840749 0.850264000840744 
0.111111111111111 0.764150943396226 0.764150943396226 0.764150943396225 
0.185185185185185 0.538404726735598 0.612598390686706 0.612598390686706 
0.259259259259259 0.373080859774821 0.431907567798727 0.431907567798727 
0.333333333333333 0.264705882352941 0.264705882352941 0.264705882352938 
0.407407407407407 0.194192860948322 0.147970499375062 0.147970499375056 
0.481481481481481 0.14715381509891 0.100747925927044 0.100747925927038 
0.555555555555555 0.114730878186969 0.114730878186969 0.114730878186968 
0.629629629629629 0.0916519989942168 0.151644021838264 0.151644021838269 
0.703703703703704 0.0747385687922903 0.152180494800973 0.15218049480098 
0.777777777777778 0.0620214395099541 0.0620214395099541 0.0620214395099546 
0.851851851851852 0.0522430844202379 -0.118738909883026 -0.118738909883041 
0.925925925925926 0.0445762504586034 -0.255649721834198 -0.255649721834237 
1 0.0384615384615385 0.0384615384615385 0.0384615384615354 
