-1 0.0384615384615385 0.0384615384615385 0.0384615384615343 
-0.963668841396123 0.0412942597244424 0.0263312340615884 0.0263312340615835 
-0.927337682792245 0.044446657990413 0.0335650471855682 0.0335650471855645 
-0.891006524188368 0.0479678063407954 0.0479678063407954 0.0479678063407918 
-0.829706609854428 0.054913897460705 0.0695680824856905 0.0695680824856888 
-0.768406695520488 0.0634468601500657 0.0774443640783815 0.07744436407838 
-0.707106781186547 0.0740740740740741 0.0740740740740741 0.0740740740740733 
-0.622734687370881 0.0935019661244349 0.0703312017967615 0.070331201796761 
-0.538362593555214 0.121273021532319 0.0939932961795624 0.0939932961795621 
-0.453990499739547 0.162530684772444 0.162530684772444 0.162530684772444 
-0.354805154839775 0.241128435891234 0.298799330264419 0.298799330264419 
-0.255619809940003 0.379717441346124 0.466731581349894 0.466731581349895 
-0.156434465040231 0.620426854474641 0.620426854474641 0.620426854474642 
-0.052144821680077 0.936349699630678 0.717605683886217 0.717605683886218 
0.0521448216800769 0.936349699630678 0.717605683886217 0.717605683886219 
0.156434465040231 0.620426854474641 0.620426854474641 0.620426854474642 
0.255619809940003 0.379717441346125 0.466731581349895 0.466731581349896 
0.354805154839775 0.241128435891234 0.298799330264419 0.29879933026442 
0.453990499739547 0.162530684772444 0.162530684772444 0.162530684772444 
0.538362593555214 0.121273021532319 0.0939932961795624 0.0939932961795623 
0.622734687370881 0.0935019661244348 0.0703312017967614 0.0703312017967606 
0.707106781186548 0.0740740740740741 0.0740740740740741 0.0740740740740723 
0.768406695520488 0.0634468601500657 0.0774443640783814 0.0774443640783787 
0.829706609854428 0.054913897460705 0.0695680824856905 0.0695680824856866 
0.891006524188368 0.0479678063407954 0.0479678063407954 0.04796780634079 
0.927337682792245 0.044446657990413 0.0335650471855682 0.0335650471855625 
0.963668841396123 0.0412942597244424 0.0263312340615884 0.0263312340615831 
1 0.0384615384615385 0.0384615384615385 0.0384615384615317 
