-1 0.0384615384615385 0.0384615384615385 0.0384615384615383 
-0.999165827407656 0.038523310936623 0.0384457134032271 0.0384457134032319 
-0.998331654815312 0.0385852303551301 0.038508067926426 0.0385080679264185 
-0.997497482222968 0.0386472971769813 0.0386472971769813 0.0386472971769773 
-0.869462162134668 0.0502535005557781 0.398856917659902 0.398856917659859 
-0.741426842046368 0.0678295175901838 0.426256579322419 0.4262565793224 
-0.613391521958068 0.0960962902025142 0.0960962902025142 0.0960962902025167 
-0.508733380128381 0.133864484378805 -0.0769513955036619 -0.0769513955036552 
-0.404075238298695 0.19677602339759 0.00630364387437324 0.00630364387437683 
-0.299417096469008 0.308521524177895 0.308521524177895 0.308521524177892 
-0.213029368978952 0.468485495755965 0.612516864838882 0.612516864838875 
-0.126641641488896 0.713800007044211 0.855704480021938 0.85570448002193 
-0.0402539139988403 0.961067686408288 0.961067686408288 0.96106768640828 
0.0155542669962666 0.993987982425355 0.939999607289428 0.939999607289421 
0.0713624479913734 0.887063529312092 0.852611655817043 0.852611655817038 
0.12717062898648 0.712093878179107 0.712093878179107 0.712093878179104 
0.141453291421247 0.666566307844512 0.669895482068032 0.669895482068029 
0.155735953856014 0.622532366098254 0.62589581544047 0.625895815440468 
0.17001861629078 0.580498193221243 0.580498193221243 0.580498193221241 
0.319172744936471 0.281945795969365 0.124830497712745 0.124830497712744 
0.468326873582161 0.154243591814656 -0.0447507408357003 -0.0447507408357022 
0.617481002227851 0.0949480993022108 0.0949480993022108 0.0949480993022108 
0.675628935616118 0.0805680922829951 0.144427354127115 0.144427354127121 
0.733776869004384 0.0691528865719278 0.139237718745931 0.139237718745941 
0.791924802392651 0.0599569905143625 0.0599569905143625 0.0599569905143824 
0.861283201595101 0.0511634077114222 -0.108975717723761 -0.108975717723737 
0.93064160079755 0.0441455404281986 -0.225657463855935 -0.225657463855903 
1 0.0384615384615385 0.0384615384615385 0.0384615384615561 
