0 3.07048428132268e-06 0
0.0202020202020202 -1.11488022415381e-05 -8.07831796011728e-06
0.0404040404040404 -6.02235533441267e-05 -6.32940376256612e-05
0.0606060606060606 -0.000212190653331664 -0.000209120169050046
0.0808080808080808 -0.000481961719839581 -0.000485032204120856
0.101010101010101 -0.000929578600841132 -0.000926508116559843
0.121212121212121 -0.00156195787764159 -0.00156502836192293
0.141414141414141 -0.0024311463618816 -0.0024280758776002
0.161616161616162 -0.00353606559853441 -0.00353913608281592
0.181818181818182 -0.00492076736290996 -0.00491769687862851
0.202020202020202 -0.00657617816364914 -0.00657924864793057
0.222222222222222 -0.00853835473973023 -0.00853528425544886
0.242424242424242 -0.0107902285634631 -0.0107932990477443
0.262626262626263 -0.0133598613374934 -0.0133567908532121
0.282828282828283 -0.0162221894978001 -0.0162252599820813
0.303030303030303 -0.0193972797106969 -0.0193942092264156
0.323232323232323 -0.0228520733758311 -0.0228551438601124
0.343434343434343 -0.0265986421231851 -0.0265955716389037
0.363636363636364 -0.0305959323160739 -0.0305990028003552
0.383838383838384 -0.0348480205481484 -0.0348449500638671
0.404040404040404 -0.0393058581463923 -0.0393089286306738
0.424242424242424 -0.0439655266681252 -0.0439624561838436
0.444444444444445 -0.0487699824039977 -0.0487730528882793
0.464646464646465 -0.0537073118749993 -0.0537042413907175
0.484848484848485 -0.0587124763354478 -0.0587155468197292
0.505050505050505 -0.0637655672700009 -0.0637624967857196
0.525252525252525 -0.0687935508966466 -0.0687966213809279
0.545454545454546 -0.0737685236637088 -0.0737654531794277
0.565656565656566 -0.0786094567528453 -0.0786125272371265
0.585858585858586 -0.0832804515760481 -0.0832773810917662
0.606060606060606 -0.0876924842786409 -0.0876955547629227
0.626262626262627 -0.0918016612362877 -0.0917985907520062
0.646464646464647 -0.0955109635579793 -0.0955140340422609
0.666666666666667 -0.0987685025830473 -0.0987654320987655
0.686868686868687 -0.101469264384151 -0.101472334868432
0.707070707070707 -0.10355336526429 -0.103550294780009
0.727272727272728 -0.104907796259794 -0.104910866744075
0.747474747474748 -0.105464678637328 -0.105461608153047
0.767676767676768 -0.105103008396892 -0.105106078881173
0.787878787878788 -0.103746911768819 -0.103743841284537
0.808080808080809 -0.101267389716776 -0.101270460201058
0.828282828282829 -0.0975805734347673 -0.0975775029504858
0.848484848484849 -0.0925494688501262 -0.0925525393344074
0.868686868686869 -0.086082212120524 -0.086079141636243
0.888888888888889 -0.0780338141369653 -0.0780368846212466
0.90909090909091 -0.0683044160207876 -0.0683013455365068
0.92929292929293 -0.0567410336266648 -0.0567441041109463
0.94949494949495 -0.0432358130396029 -0.0432327425553221
0.96969696969697 -0.0276277750779434 -0.0276308455622249
0.989898989898991 -0.00980107079036135 -0.00979800030608025
1.01010101010101 0.00980107079036185 0.0104102035568523
